[446.6490173339844]
[671.3834228515625]
[4555.02392578125]
[4956.32763671875]
[5032.44580078125]
[4601.001953125]
[5004.9169921875]
[5086.80712890625]
[5012.2470703125]
[4982.2001953125]
[4981.78173828125]
[4973.990234375]
[5115.7626953125]
[4999.3486328125]
[4964.34228515625]
[5046.6728515625]
[5088.07080078125]
[5011.88916015625]
[5010.2392578125]
[4972.95849609375]
[4993.2216796875]
[5088.14013671875]
[4662.8076171875]
[5116.03173828125]
[4852.00390625]
[4736.7900390625]
[4946.10205078125]
[4995.0830078125]
[5044.5927734375]
[5046.4765625]
[5074.5791015625]
[4995.35693359375]
[4677.74853515625]
[4982.54248046875]
[4662.01611328125]
[5091.3505859375]
[5019.0400390625]
[4951.955078125]
[4900.45849609375]
[5078.35107421875]
[5040.92724609375]
[4982.2119140625]
[4857.5419921875]
[4673.6259765625]
[5149.27685546875]
[4998.0458984375]
[4763.67724609375]
[5002.974609375]
[5004.58056640625]
[4961.109375]
[4894.33740234375]
[5046.25341796875]
[4995.0380859375]
[5042.50146484375]
[5049.3125]
[4963.5966796875]
[4937.73583984375]
[4967.8564453125]
[4993.12060546875]
[4699.64892578125]
[5011.3701171875]
[5048.13720703125]
[5080.68896484375]
[4939.99267578125]
[4990.5634765625]
[5011.853515625]
[5026.2080078125]
[5153.8681640625]
[4999.7236328125]
[5041.36083984375]
[4926.4580078125]
[5065.0126953125]
[4983.9345703125]
[5049.9541015625]
[5024.365234375]
[5041.07177734375]
[5027.916015625]
[5025.16552734375]
[4951.57666015625]
[5098.08642578125]
[4929.82763671875]
[4998.64013671875]
[4978.1904296875]
[5081.0634765625]
[4970.138671875]
[5035.6025390625]
[5035.3876953125]
[5027.38427734375]
[5089.0869140625]
[5086.4814453125]
[5027.625]
[5035.0966796875]
[5023.00146484375]
[5040.05322265625]
[4933.99951171875]
[4992.7080078125]
[5010.169921875]
[5063.068359375]
[4963.0029296875]
[5012.0615234375]
