[-22.20879364013672]
[-44.188507080078125]
[204.94210815429688]
[246.29165649414062]
[5725.490234375]
[5486.3828125]
[9324.1669921875]
[10142.876953125]
[10446.8232421875]
[10484.2919921875]
[8754.0654296875]
[10484.6435546875]
[10548.25]
[10655.2119140625]
[10571.4462890625]
[10642.630859375]
[10700.3544921875]
[10712.677734375]
[10744.064453125]
[10806.9326171875]
[10786.4931640625]
[10671.3759765625]
[10488.15625]
[10136.48828125]
[10615.66015625]
[10305.9697265625]
[10576.2109375]
[10671.759765625]
[10648.3232421875]
[10678.90234375]
[10358.638671875]
[10137.580078125]
[10791.150390625]
[10768.6142578125]
[10736.294921875]
[10662.84375]
[10705.501953125]
[10744.9775390625]
[10256.017578125]
[10759.2080078125]
[10688.9072265625]
[10150.0732421875]
[10745.4462890625]
[10791.6806640625]
[10767.6201171875]
[10754.59375]
[10687.80078125]
[10711.6552734375]
[10860.203125]
[9778.91796875]
[10860.451171875]
[10808.130859375]
[10668.91796875]
[10888.451171875]
[10339.498046875]
[10741.896484375]
[10503.208984375]
[9771.0]
[10713.583984375]
[10606.6982421875]
[10704.990234375]
[10700.6533203125]
[10767.958984375]
[10823.763671875]
[9655.470703125]
[10696.833984375]
[10712.927734375]
[10779.9951171875]
[10438.107421875]
[10840.9208984375]
[10765.734375]
[10534.123046875]
[10777.9375]
[10915.1533203125]
[10829.431640625]
[10776.7880859375]
[10701.083984375]
[10776.091796875]
[10507.1826171875]
[10910.9189453125]
[10823.7060546875]
[10726.435546875]
[9373.587890625]
[10557.2802734375]
[9758.208984375]
[10743.38671875]
[10711.5390625]
[10090.087890625]
[10687.64453125]
[10738.8671875]
[10835.556640625]
[10763.0859375]
[10821.611328125]
[10826.185546875]
[10680.841796875]
[10781.986328125]
[10788.6630859375]
[10594.525390625]
[10763.48828125]
[10894.2060546875]
