[-2.1790833473205566]
[-0.38018837571144104]
[-0.1610046774148941]
[-1.0052239894866943]
[-0.07809754461050034]
[-0.45235520601272583]
[-0.29506826400756836]
[-0.30399569869041443]
[-0.6171494722366333]
[-0.12598241865634918]
[-0.4351471960544586]
[-0.9044120907783508]
[-0.1492474526166916]
[-1.074552297592163]
[-0.9677301645278931]
[-0.5350505113601685]
[-0.07997313886880875]
[-0.5951892733573914]
[-0.7836400270462036]
[-0.7218980193138123]
[-0.49248066544532776]
[-0.2452852725982666]
[-1.5703177452087402]
[-0.659186601638794]
[-1.7419109344482422]
[-0.9612153172492981]
[-0.9917563199996948]
[-1.6297633647918701]
[-1.1412522792816162]
[-0.4700724482536316]
[-1.5292332172393799]
[-1.083892583847046]
[-0.5014918446540833]
[-0.9650983810424805]
[-0.8092476725578308]
[-0.8221403360366821]
[-1.1262190341949463]
[-0.9196194410324097]
[-0.5229243040084839]
[-1.0750224590301514]
[-1.5295382738113403]
[-1.2512671947479248]
[-1.7259461879730225]
[-1.491014838218689]
[-0.45145314931869507]
[-1.2332112789154053]
[-1.6050382852554321]
[-1.4050062894821167]
[-2.1484580039978027]
[-1.8894904851913452]
[-1.5116195678710938]
[-1.0528497695922852]
[-0.2787224352359772]
[-0.9386380910873413]
[-1.493762731552124]
[-1.6193749904632568]
[-1.3178633451461792]
[-1.3809818029403687]
[-0.8574928045272827]
[-1.001003623008728]
[-1.3794853687286377]
[-0.5317336916923523]
[-0.9123790860176086]
[-1.4520961046218872]
[-1.4079444408416748]
[-0.7869044542312622]
[-1.2712879180908203]
[-3.102128028869629]
[-1.1018201112747192]
[-1.4246299266815186]
[-1.2107737064361572]
[-0.749306321144104]
[-1.4765625]
[-2.680665969848633]
[-1.346933126449585]
[-1.040130376815796]
[-0.5805341601371765]
[-1.0720995664596558]
[-1.096381664276123]
[0.9121464490890503]
[1.6206468343734741]
[-1.1003059148788452]
[-1.3306262493133545]
[-0.1287909299135208]
[-1.816812515258789]
[-1.0122382640838623]
[-1.2397971153259277]
[-1.2497282028198242]
[-0.8214790225028992]
[-1.388357162475586]
[-0.4938491880893707]
[-0.6290308237075806]
[0.07564928382635117]
[-0.7534353733062744]
[-1.5188190937042236]
[-1.1049506664276123]
[-0.6865831017494202]
[-0.30047598481178284]
[-0.6553804874420166]
[-0.5888563394546509]
