[-74.2474594116211]
[1328.8154296875]
[4334.84375]
[4560.61572265625]
[4991.08740234375]
[5148.6953125]
[4369.380859375]
[5006.7275390625]
[5095.9521484375]
[4990.19482421875]
[5095.9267578125]
[5250.67724609375]
[5241.43896484375]
[6229.9736328125]
[5518.1953125]
[5366.9697265625]
[6514.8017578125]
[5367.60302734375]
[5378.27734375]
[6471.5224609375]
[5072.5615234375]
[5375.484375]
[4816.423828125]
[5345.3466796875]
[6132.7939453125]
[5172.90966796875]
[6213.53466796875]
[6620.72900390625]
[5646.37158203125]
[5325.3603515625]
[5354.54052734375]
[4913.0712890625]
[5223.0205078125]
[5053.6298828125]
[5947.3037109375]
[5468.5400390625]
[5560.482421875]
[5631.16259765625]
[5506.59130859375]
[4958.46044921875]
[5142.54443359375]
[5432.5166015625]
[6831.2890625]
[5131.35693359375]
[5527.01708984375]
[5015.24072265625]
[5604.20458984375]
[5914.326171875]
[5152.11865234375]
[5877.06982421875]
[5190.7744140625]
[5674.5126953125]
[5567.87060546875]
[5260.220703125]
[5082.40380859375]
[5531.86474609375]
[6397.0166015625]
[5515.1943359375]
[5262.90087890625]
[5808.7021484375]
[6193.39306640625]
[5268.61181640625]
[5128.03125]
[4878.3662109375]
[5233.693359375]
[5231.84765625]
[4857.8154296875]
[6062.9375]
[6233.45849609375]
[6170.4677734375]
[5133.10693359375]
[5916.37646484375]
[5497.048828125]
[5504.07470703125]
[5383.93603515625]
[5132.638671875]
[5512.6376953125]
[6134.052734375]
[6296.2392578125]
[5886.6513671875]
[5821.09521484375]
[5023.3642578125]
[5802.4716796875]
[5260.4248046875]
[6214.15625]
[4912.35693359375]
[5706.90380859375]
[5425.6865234375]
[6111.59521484375]
[6166.29150390625]
[6220.30029296875]
[6387.041015625]
[5892.1611328125]
[5068.169921875]
[6196.943359375]
[6073.611328125]
[5310.1513671875]
[5715.87158203125]
[6347.66064453125]
[5551.08837890625]
