[660.2476196289062]
[1405.6982421875]
[4266.1083984375]
[4424.58447265625]
[3612.053466796875]
[4096.79052734375]
[3501.962158203125]
[3666.031982421875]
[4152.0947265625]
[4507.35107421875]
[4698.3994140625]
[4482.60546875]
[4562.33447265625]
[4549.3134765625]
[4589.69677734375]
[4186.1396484375]
[4625.26416015625]
[4618.4228515625]
[3409.78369140625]
[4304.572265625]
[4663.931640625]
[4339.83349609375]
[4566.6904296875]
[4095.714111328125]
[4411.30078125]
[3793.810546875]
[4562.17724609375]
[4301.6201171875]
[4564.4970703125]
[4230.74462890625]
[3721.42431640625]
[4456.1748046875]
[3990.348876953125]
[4762.4384765625]
[4484.97900390625]
[4058.54296875]
[4693.31298828125]
[3932.35302734375]
[4593.7275390625]
[3387.998046875]
[3993.3984375]
[4182.65380859375]
[4103.97998046875]
[4182.45751953125]
[4321.71484375]
[4616.1494140625]
[4637.87158203125]
[4122.2998046875]
[4595.98291015625]
[4019.23046875]
[4204.205078125]
[4429.142578125]
[4298.28857421875]
[4145.85400390625]
[4392.9208984375]
[4479.38330078125]
[4196.84375]
[4256.12451171875]
[4090.27392578125]
[4497.4345703125]
[4261.29736328125]
[4480.99853515625]
[4584.9208984375]
[4659.08544921875]
[4560.076171875]
[3420.602783203125]
[4244.8154296875]
[4148.5322265625]
[4581.5458984375]
[4021.567138671875]
[3903.268798828125]
[4241.267578125]
[4110.10107421875]
[4498.6455078125]
[4247.90478515625]
[4366.2919921875]
[3891.116455078125]
[4218.560546875]
[4532.5185546875]
[4327.0166015625]
[4473.9775390625]
[4290.14599609375]
[4669.1201171875]
[4729.189453125]
[4617.2841796875]
[4607.5576171875]
[4671.7314453125]
[3864.38232421875]
[3459.54638671875]
[4167.2705078125]
[4646.5986328125]
[4166.2958984375]
[4791.921875]
[4338.154296875]
[4002.09423828125]
[4298.85498046875]
[4336.8017578125]
[4676.35693359375]
[4650.7412109375]
[4312.14208984375]
